問題
1.   83 - 66
2.   60 - 51
3.   58 + 66
4.   78 - 19
5.   25 + 41
6.   54 - 37
7.   54 + 59
8.   22 - 17
9.   43 - 30
10.   94 - 31
11.   98 + 27
12.   86 + 26
13.   54 + 31
14.   89 + 37
15.   97 + 65
16.   85 + 99
17.   84 - 37
18.   81 + 17
19.   70 - 17
20.   81 + 89
21.   86 - 37
22.   91 - 77
23.   31 - 17
24.   57 + 94
25.   79 - 47
26.   15 + 95
27.   99 + 97
28.   21 + 89
29.   64 - 49
30.   95 - 58
答え
1. 17
2. 9
3. 124
4. 59
5. 66
6. 17
7. 113
8. 5
9. 13
10. 63
11. 125
12. 112
13. 85
14. 126
15. 162
16. 184
17. 47
18. 98
19. 53
20. 170
21. 49
22. 14
23. 14
24. 151
25. 32
26. 110
27. 196
28. 110
29. 15
30. 37
